best_params:
  class_weight: balanced
  max_depth: 100
  max_leaf_nodes: 100
  n_estimators: 1
  random_state: 42
feature_importance:
  Age: 0.6072961205777977
  Pclass: 0.1162655591696046
  Sex: 0.2764383202525977
