'0':
  f1-score: 0.9090909090909091
  precision: 0.8928571428571429
  recall: 0.9259259259259259
  support: 54
'1':
  f1-score: 0.8571428571428571
  precision: 0.8823529411764706
  recall: 0.8333333333333334
  support: 36
accuracy: 0.8888888888888888
macro avg:
  f1-score: 0.8831168831168831
  precision: 0.8876050420168067
  recall: 0.8796296296296297
  support: 90
weighted avg:
  f1-score: 0.8883116883116883
  precision: 0.8886554621848739
  recall: 0.8888888888888888
  support: 90
