'0':
  f1-score: 0.8614762386248735
  precision: 0.8623481781376519
  recall: 0.8606060606060606
  support: 495
'1':
  f1-score: 0.7765089722675368
  precision: 0.7752442996742671
  recall: 0.7777777777777778
  support: 306
accuracy: 0.8289637952559301
macro avg:
  f1-score: 0.8189926054462051
  precision: 0.8187962389059595
  recall: 0.8191919191919192
  support: 801
weighted avg:
  f1-score: 0.8290168334995989
  precision: 0.8290725391741116
  recall: 0.8289637952559301
  support: 801
