'0':
  f1-score: 0.8643724696356275
  precision: 0.8661257606490872
  recall: 0.8626262626262626
  support: 495
'1':
  f1-score: 0.781758957654723
  precision: 0.7792207792207793
  recall: 0.7843137254901961
  support: 306
accuracy: 0.83270911360799
macro avg:
  f1-score: 0.8230657136451753
  precision: 0.8226732699349333
  recall: 0.8234699940582293
  support: 801
weighted avg:
  f1-score: 0.8328122515755066
  precision: 0.8329261048225426
  recall: 0.83270911360799
  support: 801
